PROBLEM 9 WRITTEN PART
(TAKEN FROM RESULT OF PYTHON)
SAGAR DAM;  DNAP

FOR THE FIRST MATRIX:
The singular value decompostion is given by: 
U =  [[-0.40824829  0.         -0.91287093]
 [ 0.81649658 -0.4472136  -0.36514837]
 [ 0.40824829  0.89442719 -0.18257419]]

S =  [[-4.96506831e-17  2.23428074e-16]
 [-1.00000000e+00 -1.25949234e-17]
 [ 3.47195141e-17  2.44948974e+00]]

V =  [[ 0.4472136  -0.89442719]
 [-0.89442719 -0.4472136 ]]

From numpy, the decomposition is given by: 

(array([[-9.12870929e-01,  4.80183453e-17, -4.08248290e-01],
       [-3.65148372e-01, -4.47213595e-01,  8.16496581e-01],
       [-1.82574186e-01,  8.94427191e-01,  4.08248290e-01]]), array([2.44948974, 1.        ]), array([[-0.89442719, -0.4472136 ],
       [-0.4472136 ,  0.89442719]]))
singular values of matrix 1:   [2.44948974 1.        ]


FOR THE SECOND MATRIX:
The singular value decompostion is given by: 
U =  [[ 0.68635109 -0.44225427  0.57735027]
 [-0.72617898 -0.37327035  0.57735027]
 [ 0.03982789  0.81552462  0.57735027]]

S =  [[-5.82007745e-01 -8.13183242e-01 -7.60533117e-16]
 [-8.13183242e-01  5.82007745e-01 -3.51485435e-16]
 [-7.45351842e-16 -2.45237898e-16  2.00000000e+00]]

V =  [[ 0.68635109 -0.44225427  0.57735027]
 [-0.72617898 -0.37327035  0.57735027]
 [ 0.03982789  0.81552462  0.57735027]]

From numpy, the decomposition is given by: 

(array([[-0.57735027,  0.40824829,  0.70710678],
       [-0.57735027,  0.40824829, -0.70710678],
       [-0.57735027, -0.81649658,  0.        ]]), array([2., 1., 1.]), array([[-0.57735027, -0.57735027, -0.57735027],
       [ 0.81649658, -0.40824829, -0.40824829],
       [-0.        ,  0.70710678, -0.70710678]]))
singular values of matrix 2:   [1. 2. 1.]

